   1170.0500       0.0000000       0.0000000       0.0000000       0.0000000    
   1170.1500       0.0000000       0.0000000       0.0000000       0.0000000    
   1170.2500       0.0000000       0.0000000       0.0000000       0.0000000    
   1170.3500       0.0000000       0.0000000       0.0000000       0.0000000    
   1170.4500       0.0000000       0.0000000       0.0000000       0.0000000    
   1170.5500       0.0000000       0.0000000       0.0000000       0.0000000    
   1170.6500       0.0000000       0.0000000       0.0000000       0.0000000    
   1170.7500       0.0000000       0.0000000       0.0000000       0.0000000    
   1170.8500       0.0000000       0.0000000       0.0000000       0.0000000    
   1170.9500       0.0000000       0.0000000       0.0000000       0.0000000    
   1171.0500       0.0000000       0.0000000       0.0000000       0.0000000    
   1171.1500       0.0000000       0.0000000       0.0000000       0.0000000    
   1171.2500       0.0000000       0.0000000       0.0000000       0.0000000    
   1171.3500       0.0000000       0.0000000       0.0000000       0.0000000    
   1171.4500       0.0000000       0.0000000       0.0000000       0.0000000    
   1171.5500       0.0000000       0.0000000       0.0000000       0.0000000    
   1171.6500       0.0000000       0.0000000       0.0000000       0.0000000    
   1171.7500       0.0000000       0.0000000       0.0000000       0.0000000    
   1171.8500       0.0000000       0.0000000       0.0000000       0.0000000    
   1171.9500       0.0000000       0.0000000       0.0000000       0.0000000    
   1172.0500       0.0000000       0.0000000       0.0000000       0.0000000    
   1172.1500       0.0000000       0.0000000       0.0000000       0.0000000    
   1172.2500       0.0000000       0.0000000       0.0000000       0.0000000    
   1172.3500       0.0000000       0.0000000       0.0000000       0.0000000    
   1172.4500       0.0000000       0.0000000       0.0000000       0.0000000    
   1172.5500       0.0000000       0.0000000       0.0000000       0.0000000    
   1172.6500       0.0000000       0.0000000       0.0000000       0.0000000    
   1172.7500       0.0000000       0.0000000       0.0000000       0.0000000    
   1172.8500       0.0000000       0.0000000       0.0000000       0.0000000    
   1172.9500       0.0000000       0.0000000       0.0000000       0.0000000    
   1173.0500       0.0000000       0.0000000       0.0000000       0.0000000    
   1173.1500       0.0000000       0.0000000       0.0000000       0.0000000    
   1173.2500       0.0000000       0.0000000       0.0000000       0.0000000    
   1173.3500       0.0000000       0.0000000       0.0000000       0.0000000    
   1173.4500       0.0000000       0.0000000       0.0000000       0.0000000    
   1173.5500       0.0000000       0.0000000       0.0000000       0.0000000    
   1173.6500       0.0000000       0.0000000       0.0000000       0.0000000    
   1173.7500       0.0000000       0.0000000       0.0000000       0.0000000    
   1173.8500       0.0000000       0.0000000       0.0000000       0.0000000    
   1173.9500       0.0000000       0.0000000       0.0000000       0.0000000    
   1174.0500       0.0000000       0.0000000       0.0000000       0.0000000    
   1174.1500       0.0000000       0.0000000       0.0000000       0.0000000    
   1174.2500       0.0000000       0.0000000       0.0000000       0.0000000    
   1174.3500       0.0000000       0.0000000       0.0000000       0.0000000    
   1174.4500       0.0000000       0.0000000       0.0000000       0.0000000    
   1174.5500       0.0000000       0.0000000       0.0000000       0.0000000    
   1174.6500       0.0000000       0.0000000       0.0000000       0.0000000    
   1174.7500       0.0000000       0.0000000       0.0000000       0.0000000    
   1174.8500       0.0000000       0.0000000       0.0000000       0.0000000    
   1174.9500       0.0000000       0.0000000       0.0000000       0.0000000    
   1175.0500       0.0000000       0.0000000       0.0000000       0.0000000    
   1175.1500       0.0000000       0.0000000       0.0000000       0.0000000    
   1175.2500       0.0000000       0.0000000       0.0000000       0.0000000    
   1175.3500       0.0000000       0.0000000       0.0000000       0.0000000    
   1175.4500       0.0000000       0.0000000       0.0000000       0.0000000    
   1175.5500       0.0000000       0.0000000       0.0000000       0.0000000    
   1175.6500       0.0000000       0.0000000       0.0000000       0.0000000    
   1175.7500       0.0000000       0.0000000       0.0000000       0.0000000    
   1175.8500       0.0000000       0.0000000       0.0000000       0.0000000    
   1175.9500       0.0000000       0.0000000       0.0000000       0.0000000    
   1176.0500       0.0000000       0.0000000       0.0000000       0.0000000    
   1176.1500       0.0000000       0.0000000       0.0000000       0.0000000    
   1176.2500       0.0000000       0.0000000       0.0000000       0.0000000    
   1176.3500       0.0000000       0.0000000       0.0000000       0.0000000    
   1176.4500       0.0000000       0.0000000       0.0000000       0.0000000    
   1176.5500       0.0000000       0.0000000       0.0000000       0.0000000    
   1176.6500       0.0000000       0.0000000       0.0000000       0.0000000    
   1176.7500       0.0000000       0.0000000       0.0000000       0.0000000    
   1176.8500       0.0000000       0.0000000       0.0000000       0.0000000    
   1176.9500       0.0000000       0.0000000       0.0000000       0.0000000    
   1177.0500       0.0000000       0.0000000       0.0000000       0.0000000    
   1177.1500       0.0000000       0.0000000       0.0000000       0.0000000    
   1177.2500       0.0000000       0.0000000       0.0000000       0.0000000    
   1177.3500       0.0000000       0.0000000       0.0000000       0.0000000    
   1177.4500       0.0000000       0.0000000       0.0000000       0.0000000    
   1177.5500       0.0000000       0.0000000       0.0000000       0.0000000    
   1177.6500       0.0000000       0.0000000       0.0000000       0.0000000    
   1177.7500       0.0000000       0.0000000       0.0000000       0.0000000    
   1177.8500       0.0000000       0.0000000       0.0000000       0.0000000    
   1177.9500       0.0000000       0.0000000       0.0000000       0.0000000    
   1178.0500       0.0000000       0.0000000       0.0000000       0.0000000    
   1178.1500       0.0000000       0.0000000       0.0000000       0.0000000    
   1178.2500       0.0000000       0.0000000       0.0000000       0.0000000    
   1178.3500       0.0000000       0.0000000       0.0000000       0.0000000    
   1178.4500       0.0000000       0.0000000       0.0000000       0.0000000    
   1178.5500       0.0000000       0.0000000       0.0000000       0.0000000    
   1178.6500       0.0000000       0.0000000       0.0000000       0.0000000    
   1178.7500       0.0000000       0.0000000       0.0000000       0.0000000    
   1178.8500       0.0000000       0.0000000       0.0000000       0.0000000    
   1178.9500       0.0000000       0.0000000       0.0000000       0.0000000    
   1179.0500       0.0000000       0.0000000       0.0000000       0.0000000    
   1179.1500       0.0000000       0.0000000       0.0000000       0.0000000    
   1179.2500       0.0000000       0.0000000       0.0000000       0.0000000    
   1179.3500       0.0000000       0.0000000       0.0000000       0.0000000    
   1179.4500       0.0000000       0.0000000       0.0000000       0.0000000    
   1179.5500       0.0000000       0.0000000       0.0000000       0.0000000    
   1179.6500       0.0000000       0.0000000       0.0000000       0.0000000    
   1179.7500       0.0000000       0.0000000       0.0000000       0.0000000    
   1179.8500       0.0000000       0.0000000       0.0000000       0.0000000    
   1179.9500       0.0000000       0.0000000       0.0000000       0.0000000    
   1180.0500       0.0000000       0.0000000       0.0000000       0.0000000    
   1180.1500       0.0000000       0.0000000       0.0000000       0.0000000    
   1180.2500       0.0000000       0.0000000       0.0000000       0.0000000    
   1180.3500       0.0000000       0.0000000       0.0000000       0.0000000    
   1180.4500       0.0000000       0.0000000       0.0000000       0.0000000    
   1180.5500       0.0000000       0.0000000       0.0000000       0.0000000    
   1180.6500       0.0000000       0.0000000       0.0000000       0.0000000    
   1180.7500       0.0000000       0.0000000       0.0000000       0.0000000    
   1180.8500       0.0000000       0.0000000       0.0000000       0.0000000    
   1180.9500       0.0000000       0.0000000       0.0000000       0.0000000    
   1181.0500       0.0000000       0.0000000       0.0000000       0.0000000    
   1181.1500       0.0000000       0.0000000       0.0000000       0.0000000    
   1181.2500       0.0000000       0.0000000       0.0000000       0.0000000    
   1181.3500       0.0000000       0.0000000       0.0000000       0.0000000    
   1181.4500       0.0000000       0.0000000       0.0000000       0.0000000    
   1181.5500       0.0000000       0.0000000       0.0000000       0.0000000    
   1181.6500       0.0000000       0.0000000       0.0000000       0.0000000    
   1181.7500       0.0000000       0.0000000       0.0000000       0.0000000    
   1181.8500       0.0000000       0.0000000       0.0000000       0.0000000    
   1181.9500       0.0000000       0.0000000       0.0000000       0.0000000    
   1182.0500       0.0000000       0.0000000       0.0000000       0.0000000    
   1182.1500       0.0000000       0.0000000       0.0000000       0.0000000    
   1182.2500       0.0000000       0.0000000       0.0000000       0.0000000    
   1182.3500       0.0000000       0.0000000       0.0000000       0.0000000    
   1182.4500       0.0000000       0.0000000       0.0000000       0.0000000    
   1182.5500       0.0000000       0.0000000       0.0000000       0.0000000    
   1182.6500       0.0000000       0.0000000       0.0000000       0.0000000    
   1182.7500       0.0000000       0.0000000       0.0000000       0.0000000    
   1182.8500       0.0000000       0.0000000       0.0000000       0.0000000    
   1182.9500       0.0000000       0.0000000       0.0000000       0.0000000    
   1183.0500       0.0000000       0.0000000       0.0000000       0.0000000    
   1183.1500       0.0000000       0.0000000       0.0000000       0.0000000    
   1183.2500       0.0000000       0.0000000       0.0000000       0.0000000    
   1183.3500       0.0000000       0.0000000       0.0000000       0.0000000    
   1183.4500       0.0000000       0.0000000       0.0000000       0.0000000    
   1183.5500       0.0000000       0.0000000       0.0000000       0.0000000    
   1183.6500       0.0000000       0.0000000       0.0000000       0.0000000    
   1183.7500       0.0000000       0.0000000       0.0000000       0.0000000    
   1183.8500       0.0000000       0.0000000       0.0000000       0.0000000    
   1183.9500       0.0000000       0.0000000       0.0000000       0.0000000    
   1184.0500       0.0000000       0.0000000       0.0000000       0.0000000    
   1184.1500       0.0000000       0.0000000       0.0000000       0.0000000    
   1184.2500       0.0000000       0.0000000       0.0000000       0.0000000    
   1184.3500       0.0000000       0.0000000       0.0000000       0.0000000    
   1184.4500       0.0000000       0.0000000       0.0000000       0.0000000    
   1184.5500       0.0000000       0.0000000       0.0000000       0.0000000    
   1184.6500       0.0000000       0.0000000       0.0000000       0.0000000    
   1184.7500       0.0000000       0.0000000       0.0000000       0.0000000    
   1184.8500       0.0000000       0.0000000       0.0000000       0.0000000    
   1184.9500       0.0000000       0.0000000       0.0000000       0.0000000    
   1185.0500       0.0000000       0.0000000       0.0000000       0.0000000    
   1185.1500       0.0000000       0.0000000       0.0000000       0.0000000    
   1185.2500       0.0000000       0.0000000       0.0000000       0.0000000    
   1185.3500       0.0000000       0.0000000       0.0000000       0.0000000    
   1185.4500       0.0000000       0.0000000       0.0000000       0.0000000    
   1185.5500       0.0000000       0.0000000       0.0000000       0.0000000    
   1185.6500       0.0000000       0.0000000       0.0000000       0.0000000    
   1185.7500       0.0000000       0.0000000       0.0000000       0.0000000    
   1185.8500       0.0000000       0.0000000       0.0000000       0.0000000    
   1185.9500       0.0000000       0.0000000       0.0000000       0.0000000    
   1186.0500       0.0000000       0.0000000       0.0000000       0.0000000    
   1186.1500       0.0000000       0.0000000       0.0000000       0.0000000    
   1186.2500       0.0000000       0.0000000       0.0000000       0.0000000    
   1186.3500       0.0000000       0.0000000       0.0000000       0.0000000    
   1186.4500       0.0000000       0.0000000       0.0000000       0.0000000    
   1186.5500       0.0000000       0.0000000       0.0000000       0.0000000    
   1186.6500       0.0000000       0.0000000       0.0000000       0.0000000    
   1186.7500       0.0000000       0.0000000       0.0000000       0.0000000    
   1186.8500       0.0000000       0.0000000       0.0000000       0.0000000    
   1186.9500       0.0000000       0.0000000       0.0000000       0.0000000    
   1187.0500       0.0000000       0.0000000       0.0000000       0.0000000    
   1187.1500       0.0000000       0.0000000       0.0000000       0.0000000    
   1187.2500       0.0000000       0.0000000       0.0000000       0.0000000    
   1187.3500       0.0000000       0.0000000       0.0000000       0.0000000    
   1187.4500       0.0000000       0.0000000       0.0000000       0.0000000    
   1187.5500       0.0000000       0.0000000       0.0000000       0.0000000    
   1187.6500       0.0000000       0.0000000       0.0000000       0.0000000    
   1187.7500       0.0000000       0.0000000       0.0000000       0.0000000    
   1187.8500       0.0000000       0.0000000       0.0000000       0.0000000    
   1187.9500       0.0000000       0.0000000       0.0000000       0.0000000    
   1188.0500       0.0000000       0.0000000       0.0000000       0.0000000    
   1188.1500       0.0000000       0.0000000       0.0000000       0.0000000    
   1188.2500       0.0000000       0.0000000       0.0000000       0.0000000    
   1188.3500       0.0000000       0.0000000       0.0000000       0.0000000    
   1188.4500       0.0000000       0.0000000       0.0000000       0.0000000    
   1188.5500       0.0000000       0.0000000       0.0000000       0.0000000    
   1188.6500       0.0000000       0.0000000       0.0000000       0.0000000    
   1188.7500       0.0000000       0.0000000       0.0000000       0.0000000    
   1188.8500       0.0000000       0.0000000       0.0000000       0.0000000    
   1188.9500       0.0000000       0.0000000       0.0000000       0.0000000    
   1189.0500       0.0000000       0.0000000       0.0000000       0.0000000    
   1189.1500       0.0000000       0.0000000       0.0000000       0.0000000    
   1189.2500       0.0000000       0.0000000       0.0000000       0.0000000    
   1189.3500       0.0000000       0.0000000       0.0000000       0.0000000    
   1189.4500       0.0000000       0.0000000       0.0000000       0.0000000    
   1189.5500       0.0000000       0.0000000       0.0000000       0.0000000    
   1189.6500       0.0000000       0.0000000       0.0000000       0.0000000    
   1189.7500       0.0000000       0.0000000       0.0000000       0.0000000    
   1189.8500       0.0000000       0.0000000       0.0000000       0.0000000    
   1189.9500       0.0000000       0.0000000       0.0000000       0.0000000    
   1190.0500       0.0000000       0.0000000       0.0000000       0.0000000    
   1190.1500       0.0000000       0.0000000       0.0000000       0.0000000    
   1190.2500       0.0000000       0.0000000       0.0000000       0.0000000    
   1190.3500       0.0000000       0.0000000       0.0000000       0.0000000    
   1190.4500       0.0000000       0.0000000       0.0000000       0.0000000    
   1190.5500       0.0000000       0.0000000       0.0000000       0.0000000    
   1190.6500       0.0000000       0.0000000       0.0000000       0.0000000    
   1190.7500       0.0000000       0.0000000       0.0000000       0.0000000    
   1190.8500       0.0000000       0.0000000       0.0000000       0.0000000    
   1190.9500       0.0000000       0.0000000       0.0000000       0.0000000    
   1191.0500       0.0000000       0.0000000       0.0000000       0.0000000    
   1191.1500       0.0000000       0.0000000       0.0000000       0.0000000    
   1191.2500       0.0000000       0.0000000       0.0000000       0.0000000    
   1191.3500       0.0000000       0.0000000       0.0000000       0.0000000    
   1191.4500       0.0000000       0.0000000       0.0000000       0.0000000    
   1191.5500       0.0000000       0.0000000       0.0000000       0.0000000    
   1191.6500       0.0000000       0.0000000       0.0000000       0.0000000    
   1191.7500       0.0000000       0.0000000       0.0000000       0.0000000    
   1191.8500       0.0000000       0.0000000       0.0000000       0.0000000    
   1191.9500       0.0000000       0.0000000       0.0000000       0.0000000    
   1192.0500       0.0000000       0.0000000       0.0000000       0.0000000    
   1192.1500       0.0000000       0.0000000       0.0000000       0.0000000    
   1192.2500       0.0000000       0.0000000       0.0000000       0.0000000    
   1192.3500       0.0000000       0.0000000       0.0000000       0.0000000    
   1192.4500       0.0000000       0.0000000       0.0000000       0.0000000    
   1192.5500       0.0000000       0.0000000       0.0000000       0.0000000    
   1192.6500       0.0000000       0.0000000       0.0000000       0.0000000    
   1192.7500       0.0000000       0.0000000       0.0000000       0.0000000    
   1192.8500       0.0000000       0.0000000       0.0000000       0.0000000    
   1192.9500       0.0000000       0.0000000       0.0000000       0.0000000    
   1193.0500       0.0000000       0.0000000       0.0000000       0.0000000    
   1193.1500       0.0000000       0.0000000       0.0000000       0.0000000    
   1193.2500       0.0000000       0.0000000       0.0000000       0.0000000    
   1193.3500       0.0000000       0.0000000       0.0000000       0.0000000    
   1193.4500       0.0000000       0.0000000       0.0000000       0.0000000    
   1193.5500       0.0000000       0.0000000       0.0000000       0.0000000    
   1193.6500       0.0000000       0.0000000       0.0000000       0.0000000    
   1193.7500       0.0000000       0.0000000       0.0000000       0.0000000    
   1193.8500       0.0000000       0.0000000       0.0000000       0.0000000    
   1193.9500       0.0000000       0.0000000       0.0000000       0.0000000    
   1194.0500       0.0000000       0.0000000       0.0000000       0.0000000    
   1194.1500       0.0000000       0.0000000       0.0000000       0.0000000    
   1194.2500       0.0000000       0.0000000       0.0000000       0.0000000    
   1194.3500       0.0000000       0.0000000       0.0000000       0.0000000    
   1194.4500       0.0000000       0.0000000       0.0000000       0.0000000    
   1194.5500       0.0000000       0.0000000       0.0000000       0.0000000    
   1194.6500       0.0000000       0.0000000       0.0000000       0.0000000    
   1194.7500       0.0000000       0.0000000       0.0000000       0.0000000    
   1194.8500       0.0000000       0.0000000       0.0000000       0.0000000    
   1194.9500       0.0000000       0.0000000       0.0000000       0.0000000    
   1195.0500       0.0000000       0.0000000       0.0000000       0.0000000    
   1195.1500       0.0000000       0.0000000       0.0000000       0.0000000    
   1195.2500       0.0000000       0.0000000       0.0000000       0.0000000    
   1195.3500       0.0000000       0.0000000       0.0000000       0.0000000    
   1195.4500       0.0000000       0.0000000       0.0000000       0.0000000    
   1195.5500       0.0000000       0.0000000       0.0000000       0.0000000    
   1195.6500       0.0000000       0.0000000       0.0000000       0.0000000    
   1195.7500       0.0000000       0.0000000       0.0000000       0.0000000    
   1195.8500       0.0000000       0.0000000       0.0000000       0.0000000    
   1195.9500       0.0000000       0.0000000       0.0000000       0.0000000    
   1196.0500       0.0000000       0.0000000       0.0000000       0.0000000    
   1196.1500       0.0000000       0.0000000       0.0000000       0.0000000    
   1196.2500       0.0000000       0.0000000       0.0000000       0.0000000    
   1196.3500       0.0000000       0.0000000       0.0000000       0.0000000    
   1196.4500       0.0000000       0.0000000       0.0000000       0.0000000    
   1196.5500       0.0000000       0.0000000       0.0000000       0.0000000    
   1196.6500       0.0000000       0.0000000       0.0000000       0.0000000    
   1196.7500       0.0000000       0.0000000       0.0000000       0.0000000    
   1196.8500       0.0000000       0.0000000       0.0000000       0.0000000    
   1196.9500       0.0000000       0.0000000       0.0000000       0.0000000    
   1197.0500       0.0000000       0.0000000       0.0000000       0.0000000    
   1197.1500       0.0000000       0.0000000       0.0000000       0.0000000    
   1197.2500       0.0000000       0.0000000       0.0000000       0.0000000    
   1197.3500       0.0000000       0.0000000       0.0000000       0.0000000    
   1197.4500       0.0000000       0.0000000       0.0000000       0.0000000    
   1197.5500       0.0000000       0.0000000       0.0000000       0.0000000    
   1197.6500       0.0000000       0.0000000       0.0000000       0.0000000    
   1197.7500       0.0000000       0.0000000       0.0000000       0.0000000    
   1197.8500       0.0000000       0.0000000       0.0000000       0.0000000    
   1197.9500       0.0000000       0.0000000       0.0000000       0.0000000    
   1198.0500       0.0000000       0.0000000       0.0000000       0.0000000    
   1198.1500       0.0000000       0.0000000       0.0000000       0.0000000    
   1198.2500       0.0000000       0.0000000       0.0000000       0.0000000    
   1198.3500       0.0000000       0.0000000       0.0000000       0.0000000    
   1198.4500       0.0000000       0.0000000       0.0000000       0.0000000    
   1198.5500       0.0000000       0.0000000       0.0000000       0.0000000    
   1198.6500       0.0000000       0.0000000       0.0000000       0.0000000    
   1198.7500       0.0000000       0.0000000       0.0000000       0.0000000    
   1198.8500       0.0000000       0.0000000       0.0000000       0.0000000    
   1198.9500       0.0000000       0.0000000       0.0000000       0.0000000    
   1199.0500       0.0000000       0.0000000       0.0000000       0.0000000    
   1199.1500       0.0000000       0.0000000       0.0000000       0.0000000    
   1199.2500       0.0000000       0.0000000       0.0000000       0.0000000    
   1199.3500       0.0000000       0.0000000       0.0000000       0.0000000    
   1199.4500       0.0000000       0.0000000       0.0000000       0.0000000    
   1199.5500       0.0000000       0.0000000       0.0000000       0.0000000    
   1199.6500       0.0000000       0.0000000       0.0000000       0.0000000    
   1199.7500       0.0000000       0.0000000       0.0000000       0.0000000    
   1199.8500       0.0000000       0.0000000       0.0000000       0.0000000    
   1199.9500       0.0000000       0.0000000       0.0000000       0.0000000    
   1200.0500       0.0000000       0.0000000       0.0000000       0.0000000    
   1200.1500       0.0000000       0.0000000       0.0000000       0.0000000    
   1200.2500       0.0000000       0.0000000       0.0000000       0.0000000    
   1200.3500       0.0000000       0.0000000       0.0000000       0.0000000    
   1200.4500       0.0000000       0.0000000       0.0000000       0.0000000    
   1200.5500       0.0000000       0.0000000       0.0000000       0.0000000    
   1200.6500       0.0000000       0.0000000       0.0000000       0.0000000    
   1200.7500       0.0000000       0.0000000       0.0000000       0.0000000    
   1200.8500       0.0000000       0.0000000       0.0000000       0.0000000    
   1200.9500       0.0000000       0.0000000       0.0000000       0.0000000    
   1201.0500       0.0000000       0.0000000       0.0000000       0.0000000    
   1201.1500       0.0000000       0.0000000       0.0000000       0.0000000    
   1201.2500       0.0000000       0.0000000       0.0000000       0.0000000    
   1201.3500       0.0000000       0.0000000       0.0000000       0.0000000    
   1201.4500       0.0000000       0.0000000       0.0000000       0.0000000    
   1201.5500       0.0000000       0.0000000       0.0000000       0.0000000    
   1201.6500       0.0000000       0.0000000       0.0000000       0.0000000    
   1201.7500       0.0000000       0.0000000       0.0000000       0.0000000    
   1201.8500       0.0000000       0.0000000       0.0000000       0.0000000    
   1201.9500       0.0000000       0.0000000       0.0000000       0.0000000    
   1202.0500       0.0000000       0.0000000       0.0000000       0.0000000    
   1202.1500       0.0000000       0.0000000       0.0000000       0.0000000    
   1202.2500       0.0000000       0.0000000       0.0000000       0.0000000    
   1202.3500       0.0000000       0.0000000       0.0000000       0.0000000    
   1202.4500       0.0000000       0.0000000       0.0000000       0.0000000    
   1202.5500       0.0000000       0.0000000       0.0000000       0.0000000    
   1202.6500       0.0000000       0.0000000       0.0000000       0.0000000    
   1202.7500       0.0000000       0.0000000       0.0000000       0.0000000    
   1202.8500       0.0000000       0.0000000       0.0000000       0.0000000    
   1202.9500       0.0000000       0.0000000       0.0000000       0.0000000    
   1203.0500       0.0000000       0.0000000       0.0000000       0.0000000    
   1203.1500       0.0000000       0.0000000       0.0000000       0.0000000    
   1203.2500       0.0000000       0.0000000       0.0000000       0.0000000    
   1203.3500       0.0000000       0.0000000       0.0000000       0.0000000    
   1203.4500       0.0000000       0.0000000       0.0000000       0.0000000    
   1203.5500       0.0000000       0.0000000       0.0000000       0.0000000    
   1203.6500       0.0000000       0.0000000       0.0000000       0.0000000    
   1203.7500       0.0000000       0.0000000       0.0000000       0.0000000    
   1203.8500       0.0000000       0.0000000       0.0000000       0.0000000    
   1203.9500       0.0000000       0.0000000       0.0000000       0.0000000    
   1204.0500       0.0000000       0.0000000       0.0000000       0.0000000    
   1204.1500       0.0000000       0.0000000       0.0000000       0.0000000    
   1204.2500       0.0000000       0.0000000       0.0000000       0.0000000    
   1204.3500       0.0000000       0.0000000       0.0000000       0.0000000    
   1204.4500       0.0000000       0.0000000       0.0000000       0.0000000    
   1204.5500       0.0000000       0.0000000       0.0000000       0.0000000    
   1204.6500       0.0000000       0.0000000       0.0000000       0.0000000    
   1204.7500       0.0000000       0.0000000       0.0000000       0.0000000    
   1204.8500       0.0000000       0.0000000       0.0000000       0.0000000    
   1204.9500       0.0000000       0.0000000       0.0000000       0.0000000    
   1205.0500       0.0000000       0.0000000       0.0000000       0.0000000    
   1205.1500       0.0000000       0.0000000       0.0000000       0.0000000    
   1205.2500       0.0000000       0.0000000       0.0000000       0.0000000    
   1205.3500       0.0000000       0.0000000       0.0000000       0.0000000    
   1205.4500       0.0000000       0.0000000       0.0000000       0.0000000    
   1205.5500       0.0000000       0.0000000       0.0000000       0.0000000    
   1205.6500       0.0000000       0.0000000       0.0000000       0.0000000    
   1205.7500       0.0000000       0.0000000       0.0000000       0.0000000    
   1205.8500       0.0000000       0.0000000       0.0000000       0.0000000    
   1205.9500       0.0000000       0.0000000       0.0000000       0.0000000    
   1206.0500       0.0000000       0.0000000       0.0000000       0.0000000    
   1206.1500       0.0000000       0.0000000       0.0000000       0.0000000    
   1206.2500       0.0000000       0.0000000       0.0000000       0.0000000    
   1206.3500       0.0000000       0.0000000       0.0000000       0.0000000    
   1206.4500       0.0000000       0.0000000       0.0000000       0.0000000    
   1206.5500       0.0000000       0.0000000       0.0000000       0.0000000    
   1206.6500       0.0000000       0.0000000       0.0000000       0.0000000    
   1206.7500       0.0000000       0.0000000       0.0000000       0.0000000    
   1206.8500       0.0000000       0.0000000       0.0000000       0.0000000    
   1206.9500       0.0000000       0.0000000       0.0000000       0.0000000    
   1207.0500       0.0000000       0.0000000       0.0000000       0.0000000    
   1207.1500       0.0000000       0.0000000       0.0000000       0.0000000    
   1207.2500       0.0000000       0.0000000       0.0000000       0.0000000    
   1207.3500       0.0000000       0.0000000       0.0000000       0.0000000    
   1207.4500       0.0000000       0.0000000       0.0000000       0.0000000    
   1207.5500       0.0000000       0.0000000       0.0000000       0.0000000    
   1207.6500       0.0000000       0.0000000       0.0000000       0.0000000    
   1207.7500       0.0000000       0.0000000       0.0000000       0.0000000    
   1207.8500       0.0000000       0.0000000       0.0000000       0.0000000    
   1207.9500       0.0000000       0.0000000       0.0000000       0.0000000    
   1208.0500       0.0000000       0.0000000       0.0000000       0.0000000    
   1208.1500       0.0000000       0.0000000       0.0000000       0.0000000    
   1208.2500       0.0000000       0.0000000       0.0000000       0.0000000    
   1208.3500       0.0000000       0.0000000       0.0000000       0.0000000    
   1208.4500       0.0000000       0.0000000       0.0000000       0.0000000    
   1208.5500       0.0000000       0.0000000       0.0000000       0.0000000    
   1208.6500       0.0000000       0.0000000       0.0000000       0.0000000    
   1208.7500       0.0000000       0.0000000       0.0000000       0.0000000    
   1208.8500       0.0000000       0.0000000       0.0000000       0.0000000    
   1208.9500       0.0000000       0.0000000       0.0000000       0.0000000    
   1209.0500       0.0000000       0.0000000       0.0000000       0.0000000    
   1209.1500       0.0000000       0.0000000       0.0000000       0.0000000    
   1209.2500       0.0000000       0.0000000       0.0000000       0.0000000    
   1209.3500       0.0000000       0.0000000       0.0000000       0.0000000    
   1209.4500       0.0000000       0.0000000       0.0000000       0.0000000    
   1209.5500       0.0000000       0.0000000       0.0000000       0.0000000    
   1209.6500       0.0000000       0.0000000       0.0000000       0.0000000    
   1209.7500       0.0000000       0.0000000       0.0000000       0.0000000    
   1209.8500       0.0000000       0.0000000       0.0000000       0.0000000    
   1209.9500       0.0000000       0.0000000       0.0000000       0.0000000    
   1210.0500       0.0000000       0.0000000       0.0000000       0.0000000    
   1210.1500       0.0000000       0.0000000       0.0000000       0.0000000    
   1210.2500       0.0000000       0.0000000       0.0000000       0.0000000    
   1210.3500       0.0000000       0.0000000       0.0000000       0.0000000    
   1210.4500       0.0000000       0.0000000       0.0000000       0.0000000    
   1210.5500       0.0000000       0.0000000       0.0000000       0.0000000    
   1210.6500       0.0000000       0.0000000       0.0000000       0.0000000    
   1210.7500       0.0000000       0.0000000       0.0000000       0.0000000    
   1210.8500       0.0000000       0.0000000       0.0000000       0.0000000    
   1210.9500       0.0000000       0.0000000       0.0000000       0.0000000    
   1211.0500       0.0000000       0.0000000       0.0000000       0.0000000    
   1211.1500       0.0000000       0.0000000       0.0000000       0.0000000    
   1211.2500       0.0000000       0.0000000       0.0000000       0.0000000    
   1211.3500       0.0000000       0.0000000       0.0000000       0.0000000    
   1211.4500       0.0000000       0.0000000       0.0000000       0.0000000    
   1211.5500       0.0000000       0.0000000       0.0000000       0.0000000    
   1211.6500       0.0000000       0.0000000       0.0000000       0.0000000    
   1211.7500       0.0000000       0.0000000       0.0000000       0.0000000    
   1211.8500       0.0000000       0.0000000       0.0000000       0.0000000    
   1211.9500       0.0000000       0.0000000       0.0000000       0.0000000    
   1212.0500       0.0000000       0.0000000       0.0000000       0.0000000    
   1212.1500       0.0000000       0.0000000       0.0000000       0.0000000    
   1212.2500       0.0000000       0.0000000       0.0000000       0.0000000    
   1212.3500       0.0000000       0.0000000       0.0000000       0.0000000    
   1212.4500       0.0000000       0.0000000       0.0000000       0.0000000    
   1212.5500       0.0000000       0.0000000       0.0000000       0.0000000    
   1212.6500       0.0000000       0.0000000       0.0000000       0.0000000    
   1212.7500       0.0000000       0.0000000       0.0000000       0.0000000    
   1212.8500       0.0000000       0.0000000       0.0000000       0.0000000    
   1212.9500       0.0000000       0.0000000       0.0000000       0.0000000    
   1213.0500       0.0000000       0.0000000       0.0000000       0.0000000    
   1213.1500       0.0000000       0.0000000       0.0000000       0.0000000    
   1213.2500       0.0000000       0.0000000       0.0000000       0.0000000    
   1213.3500       0.0000000       0.0000000       0.0000000       0.0000000    
   1213.4500       0.0000000       0.0000000       0.0000000       0.0000000    
   1213.5500       0.0000000       0.0000000       0.0000000       0.0000000    
   1213.6500       0.0000000       0.0000000       0.0000000       0.0000000    
   1213.7500       0.0000000       0.0000000       0.0000000       0.0000000    
   1213.8500       0.0000000       0.0000000       0.0000000       0.0000000    
   1213.9500       0.0000000       0.0000000       0.0000000       0.0000000    
   1214.0500       0.0000000       0.0000000       0.0000000       0.0000000    
   1214.1500       0.0000000       0.0000000       0.0000000       0.0000000    
   1214.2500       0.0000000       0.0000000       0.0000000       0.0000000    
   1214.3500       0.0000000       0.0000000       0.0000000       0.0000000    
   1214.4500       0.0000000       0.0000000       0.0000000       0.0000000    
   1214.5500       0.0000000       0.0000000       0.0000000       0.0000000    
   1214.6500       0.0000000       0.0000000       0.0000000       0.0000000    
   1214.7500       0.0000000       0.0000000       0.0000000       0.0000000    
   1214.8500       0.0000000       0.0000000       0.0000000       0.0000000    
   1214.9500       0.0000000       0.0000000       0.0000000       0.0000000    
   1215.0500       0.0000000       0.0000000       0.0000000       0.0000000    
   1215.1500       0.0000000       0.0000000       0.0000000       0.0000000    
   1215.2500       0.0000000       0.0000000       0.0000000       0.0000000    
   1215.3500       0.0000000       0.0000000       0.0000000       0.0000000    
   1215.4500       0.0000000       0.0000000       0.0000000       0.0000000    
   1215.5500       0.0000000       0.0000000       0.0000000       0.0000000    
   1215.6500       0.0000000       0.0000000       0.0000000       0.0000000    
   1215.7500       0.0000000       0.0000000       0.0000000       0.0000000    
   1215.8500       0.0000000       0.0000000       0.0000000       0.0000000    
   1215.9500       0.0000000       0.0000000       0.0000000       0.0000000    
   1216.0500       0.0000000       0.0000000       0.0000000       0.0000000    
   1216.1500       0.0000000       0.0000000       0.0000000       0.0000000    
   1216.2500       0.0000000       0.0000000       0.0000000       0.0000000    
   1216.3500       0.0000000       0.0000000       0.0000000       0.0000000    
   1216.4500       0.0000000       0.0000000       0.0000000       0.0000000    
   1216.5500       0.0000000       0.0000000       0.0000000       0.0000000    
   1216.6500       0.0000000       0.0000000       0.0000000       0.0000000    
   1216.7500       0.0000000       0.0000000       0.0000000       0.0000000    
   1216.8500       0.0000000       0.0000000       0.0000000       0.0000000    
   1216.9500       0.0000000       0.0000000       0.0000000       0.0000000    
   1217.0500       0.0000000       0.0000000       0.0000000       0.0000000    
   1217.1500       0.0000000       0.0000000       0.0000000       0.0000000    
   1217.2500       0.0000000       0.0000000       0.0000000       0.0000000    
   1217.3500       0.0000000       0.0000000       0.0000000       0.0000000    
   1217.4500       0.0000000       0.0000000       0.0000000       0.0000000    
   1217.5500       0.0000000       0.0000000       0.0000000       0.0000000    
   1217.6500       0.0000000       0.0000000       0.0000000       0.0000000    
   1217.7500       0.0000000       0.0000000       0.0000000       0.0000000    
   1217.8500       0.0000000       0.0000000       0.0000000       0.0000000    
   1217.9500       0.0000000       0.0000000       0.0000000       0.0000000    
   1218.0500       0.0000000       0.0000000       0.0000000       0.0000000    
   1218.1500       0.0000000       0.0000000       0.0000000      9.80908925E-45
   1218.2500       0.0000000       0.0000000       0.0000000      2.58748405E-35
   1218.3500       0.0000000       0.0000000      4.04817683E-36  7.62754299E-28
   1218.4500       0.0000000       0.0000000      7.07896813E-27  7.80542903E-22
   1218.5500      2.89708648E-40   0.0000000      5.31157713E-20  6.15103812E-17
   1218.6500      9.36371029E-33   0.0000000      6.47177683E-15  3.66481422E-13
   1218.7500      5.26367883E-25   0.0000000      3.56603358E-11  2.37258879E-10
   1218.8500      1.41231267E-18   0.0000000      1.94454373E-08  2.93051645E-08
   1218.9500      6.16356602E-14  4.89118263E-35  1.90283458E-06  1.11260545E-06
   1219.0500      1.21766652E-10  5.16918305E-24  5.23879244E-05  1.82230688E-05
   1219.1500      2.57438764E-08  7.94697230E-17  4.59865056E-04  1.60796029E-04
   1219.2500      1.24399060E-06  8.11676505E-14  1.97693566E-03  8.79918807E-04
   1219.3500      3.38853388E-05  1.09490260E-12  7.77616631E-03  3.27492948E-03
   1219.4500      6.73091447E-04  8.58793071E-12  2.50552781E-02  8.92819650E-03
   1219.5500      5.96383959E-03  4.51033169E-11  4.61411290E-02  1.91395544E-02
   1219.6500      1.80816539E-02  1.75934919E-10  9.29353088E-02  3.43636945E-02
   1219.7500      2.33034790E-02  5.49843060E-10  0.15413423      5.41794114E-02
   1219.8500      4.62972224E-02  2.10919548E-09  0.20780581      7.74809495E-02
   1219.9500      6.67174682E-02  3.98407963E-07  0.25410631      0.10270848    
